version https://git-lfs.github.com/spec/v1
oid sha256:a6b09b028ea78e5d55bfc4ff7fc2e94b7053a7b0c517e6f0b798a5976872c815
size 1635983
